{
  "oldParams": true,
  "wave_type": 0,
  "p_env_attack": 0.082,
  "p_env_sustain": 0.449,
  "p_env_punch": 0.025,
  "p_env_decay": 0.6,
  "p_base_freq": 0.347,
  "p_freq_limit": 0.035,
  "p_freq_ramp": 0.404,
  "p_freq_dramp": -0.528,
  "p_vib_strength": 0.257,
  "p_vib_speed": 0.703,
  "p_arp_mod": 0.023,
  "p_arp_speed": 0,
  "p_duty": 0.13718861964705148,
  "p_duty_ramp": -0.03698429074446241,
  "p_repeat_speed": 0.28,
  "p_pha_offset": -0.086,
  "p_pha_ramp": -0.106,
  "p_lpf_freq": 0.718,
  "p_lpf_ramp": -0.0350668318849688,
  "p_lpf_resonance": -0.03615155285681217,
  "p_hpf_freq": 0,
  "p_hpf_ramp": -0.05887299341661808,
  "sound_vol": 0.25,
  "sample_rate": 44100,
  "sample_size": 8,
  "p_vib_delay": null
}