{
  "oldParams": true,
  "wave_type": 0,
  "p_env_attack": 0,
  "p_env_sustain": 0.19677351882947086,
  "p_env_punch": 0.22083121087948573,
  "p_env_decay": 0.04038986393935469,
  "p_base_freq": 0.6787123789547291,
  "p_freq_limit": 0.0006401848179853564,
  "p_freq_ramp": -0.5467786561503072,
  "p_freq_dramp": 0,
  "p_vib_strength": 0,
  "p_vib_speed": 0,
  "p_arp_mod": 0,
  "p_arp_speed": 0,
  "p_duty": 0.18164755804306232,
  "p_duty_ramp": 0.1413227381415215,
  "p_repeat_speed": 0,
  "p_pha_offset": 0,
  "p_pha_ramp": 0,
  "p_lpf_freq": 1,
  "p_lpf_ramp": 0,
  "p_lpf_resonance": 0,
  "p_hpf_freq": 0.2123808689589455,
  "p_hpf_ramp": 0,
  "sound_vol": 0.25,
  "sample_rate": 44100,
  "sample_size": 8
}